Instance Details:
Number of factories: 25
Number of CDs: 35
Number of clients: 60

Factory capacities (si):
[250 484 285 491 413 367 435 385 356 362 398 298 296 493 295 384 420 471
 373 372 406 255 387 438 385]

CD capacities (tk):
[343 197 348 214 236 197 261 338 335 326 255 200 190 224 200 293 291 333
 271 192 210 189 203 197 321 181 218 241 312 330 215 267 243 226 295]

Client demands (dj):
[105  79  73  69 116  60 118  80  63  84  88 109  72 105 114  75 117 104
 117  90 111  88  64 108  96  65  98 119  97  75  94  66 114  70 111  67
 114  65  84  92  64  87  86 114  77 100 103  72  97 117  80 101  86  94
 108  92  81 118 109  97]

Transport costs (factory -> CD) (cik):
[[24 26 20 17 21 16 26 15 20 26 16 17 22 22 27 24 19 23 24 17 20 22 20 16
  16 18 20 22 16 27 23 18 18 29 25]
 [25 27 29 18 20 18 20 21 28 25 26 27 20 22 22 24 27 19 21 19 28 28 24 24
  16 19 25 17 20 20 21 27 17 25 16]
 [17 17 26 15 27 16 17 20 16 20 26 21 26 16 20 26 17 17 28 27 18 15 27 15
  25 27 20 23 21 28 22 26 29 24 23]
 [21 17 19 24 26 17 27 29 29 28 29 26 17 29 26 27 16 18 16 17 20 25 20 26
  15 27 15 22 28 22 29 18 16 28 27]
 [20 23 17 27 15 15 28 29 27 26 23 17 25 21 15 16 27 18 19 21 26 18 24 25
  21 26 22 23 23 18 17 25 23 19 17]
 [22 20 17 18 29 17 16 18 23 17 20 19 18 19 26 21 16 29 19 29 26 21 18 15
  20 28 24 19 25 17 29 17 25 19 15]
 [16 29 19 22 24 17 17 22 15 15 28 27 22 19 22 19 21 27 29 17 27 21 24 15
  25 19 22 15 28 29 24 25 22 24 23]
 [21 18 20 26 18 22 26 16 26 25 25 21 15 28 15 18 25 21 23 28 15 22 20 27
  20 27 26 18 18 27 16 16 15 23 23]
 [19 24 15 19 16 16 28 20 20 17 28 17 25 25 18 23 20 27 20 22 26 28 16 23
  16 15 19 22 20 24 21 16 15 28 27]
 [28 28 25 21 19 17 15 27 19 21 29 15 19 19 21 24 19 20 24 16 20 23 26 24
  20 23 20 22 15 24 22 26 26 17 27]
 [21 24 23 23 23 29 27 26 24 16 23 18 19 22 29 21 20 22 24 22 17 28 24 24
  27 27 18 27 19 27 16 15 22 23 15]
 [20 19 24 18 15 20 19 23 18 20 25 24 24 27 22 28 20 21 20 26 16 27 18 28
  27 22 24 23 28 23 29 29 24 26 25]
 [20 19 22 15 20 25 17 22 20 16 23 22 20 21 25 24 22 16 28 26 22 26 20 29
  18 29 16 26 17 24 22 16 21 19 18]
 [27 21 19 28 25 27 23 26 22 23 24 21 18 28 19 17 16 21 24 22 19 27 16 24
  15 20 29 21 20 23 20 20 21 22 25]
 [18 29 27 22 17 24 24 15 22 29 21 20 23 25 21 23 18 26 28 26 15 21 21 22
  27 18 28 19 27 18 20 27 17 19 19]
 [26 22 29 24 18 24 26 19 20 15 28 24 20 18 27 24 21 26 22 25 27 26 16 25
  28 29 22 15 25 27 18 15 16 24 29]
 [19 16 22 21 20 18 19 22 18 24 22 15 17 18 17 29 17 27 27 23 19 21 17 19
  17 27 26 15 24 29 16 27 21 21 21]
 [16 19 17 24 20 28 29 27 25 29 26 21 16 18 18 28 19 17 21 28 18 19 22 22
  23 23 20 15 24 17 21 26 28 24 26]
 [18 26 15 23 19 20 15 23 27 21 22 25 19 27 24 29 18 21 16 17 23 18 27 17
  20 26 24 26 16 28 20 17 15 18 20]
 [29 22 23 19 27 18 25 19 18 18 21 18 27 15 28 27 20 15 24 20 24 29 28 28
  16 24 27 25 29 24 27 25 20 26 19]
 [16 26 27 23 21 23 21 15 15 21 18 18 26 16 24 22 28 22 28 24 16 22 24 24
  16 20 15 25 25 17 19 26 24 17 22]
 [22 27 21 23 22 29 16 27 27 16 19 21 29 26 21 22 28 26 25 16 15 17 19 24
  28 16 19 26 17 22 23 22 15 21 19]
 [18 15 20 25 29 15 19 25 20 24 16 28 28 19 16 29 23 22 26 26 23 29 25 26
  29 26 25 16 25 26 28 24 18 28 28]
 [27 27 17 18 28 28 27 17 23 18 26 18 20 21 21 21 28 16 16 29 22 19 15 17
  28 27 18 18 25 23 29 15 27 22 29]
 [28 16 25 19 28 19 18 27 28 23 16 27 16 29 28 27 19 26 28 19 20 23 16 21
  16 18 18 25 24 19 15 27 22 27 22]]

Transport costs (CD -> client) (ckj):
[[31 24 29 ... 21 24 27]
 [29 27 27 ... 28 19 31]
 [22 32 26 ... 25 34 25]
 ...
 [33 28 27 ... 27 18 33]
 [18 30 19 ... 31 31 18]
 [21 26 18 ... 24 27 33]]

Optimal solution found:
Objective value: 183520.0

Gurobi iterations: 258.0
Gurobi runtime (seconds): 0.04199981689453125
Factory -> CD flows (xik):
xik[0,7] = 250.0
xik[2,21] = 189.0
xik[3,16] = 9.0
xik[3,24] = 264.0
xik[3,26] = 218.0
xik[4,14] = 200.0
xik[4,15] = 108.0
xik[5,16] = 26.0
xik[5,34] = 295.0
xik[6,23] = 197.0
xik[7,20] = 210.0
xik[8,2] = 159.0
xik[8,25] = 164.0
xik[9,6] = 178.0
xik[9,28] = 75.0
xik[9,33] = 102.0
xik[10,31] = 250.0
xik[11,4] = 167.0
xik[12,3] = 214.0
xik[15,9] = 326.0
xik[17,27] = 241.0
xik[18,32] = 243.0
xik[19,13] = 224.0
xik[19,17] = 148.0
xik[20,8] = 335.0
xik[22,1] = 197.0
xik[22,5] = 112.0
xik[23,22] = 203.0
xik[24,30] = 215.0

CD -> Client flows (ykj):
ykj[1,7] = 13.0
ykj[1,32] = 114.0
ykj[1,33] = 70.0
ykj[2,37] = 65.0
ykj[2,53] = 94.0
ykj[3,18] = 14.0
ykj[3,43] = 114.0
ykj[3,45] = 86.0
ykj[4,42] = 86.0
ykj[4,56] = 81.0
ykj[5,22] = 64.0
ykj[5,31] = 48.0
ykj[6,5] = 60.0
ykj[6,6] = 118.0
ykj[7,12] = 72.0
ykj[7,36] = 45.0
ykj[7,49] = 41.0
ykj[7,55] = 92.0
ykj[8,4] = 14.0
ykj[8,11] = 109.0
ykj[8,20] = 111.0
ykj[8,51] = 101.0
ykj[9,13] = 22.0
ykj[9,14] = 114.0
ykj[9,35] = 1.0
ykj[9,39] = 92.0
ykj[9,48] = 97.0
ykj[13,9] = 84.0
ykj[13,19] = 22.0
ykj[13,57] = 118.0
ykj[14,21] = 51.0
ykj[14,36] = 69.0
ykj[14,50] = 80.0
ykj[15,23] = 108.0
ykj[16,49] = 35.0
ykj[17,3] = 69.0
ykj[17,17] = 3.0
ykj[17,38] = 76.0
ykj[20,27] = 119.0
ykj[20,44] = 77.0
ykj[20,58] = 14.0
ykj[21,18] = 103.0
ykj[21,52] = 86.0
ykj[22,8] = 63.0
ykj[22,21] = 37.0
ykj[22,46] = 103.0
ykj[23,16] = 117.0
ykj[23,38] = 8.0
ykj[23,47] = 72.0
ykj[24,1] = 79.0
ykj[24,10] = 88.0
ykj[24,59] = 97.0
ykj[25,7] = 67.0
ykj[25,28] = 97.0
ykj[26,34] = 111.0
ykj[26,35] = 66.0
ykj[26,49] = 41.0
ykj[27,19] = 68.0
ykj[27,30] = 94.0
ykj[27,31] = 18.0
ykj[27,58] = 61.0
ykj[28,15] = 75.0
ykj[30,0] = 105.0
ykj[30,25] = 65.0
ykj[30,41] = 31.0
ykj[30,45] = 14.0
ykj[31,24] = 96.0
ykj[31,26] = 98.0
ykj[31,41] = 56.0
ykj[32,17] = 101.0
ykj[32,54] = 108.0
ykj[32,58] = 34.0
ykj[33,4] = 102.0
ykj[34,2] = 73.0
ykj[34,13] = 83.0
ykj[34,29] = 75.0
ykj[34,40] = 64.0
