Instance Details:
Number of factories: 8
Number of CDs: 10
Number of clients: 20

Factory capacities (si):
[190 249 196 234 189 162 172 227]

CD capacities (tk):
[109 134 131 123 104 147 166 165 154 153]

Client demands (dj):
[50 56 35 66 47 67 59 70 41 74 59 73 54 38 39 37 63 38 32 64]

Transport costs (factory -> CD) (cik):
[[18 10 12  7 15 18 13  9 12 15]
 [12 13 18 18 17 10 16  9  7 18]
 [15  7  9 13 16 17 18  9 16  8]
 [16  8 10 17 10 17 11 14 12 18]
 [18 17 15 15 15 18  7 12 18 15]
 [ 7 11  9  8 10 15 11  7 10 13]
 [12 12 12  7  7 10  8 11  9 11]
 [12  8  8 17  9 13  7  9 14 18]]

Transport costs (CD -> client) (ckj):
[[14 10  8 12 12  8 14 20 16 19 18 17 19 20 19 12 19 14  9 18]
 [19 11 20 15 18 19 17 16 14 10  9 14 15 20 13 18 15 16 17 15]
 [16 19 18 19 12 16  8 13 16 14  8 17 11 19 12 12 15 13  9  9]
 [14 20 19 16 12 12 12 12  8 10 11 10 10 12 11 19 20 13 11  8]
 [10  8 15 15 15 13 17 13 19 18 14  9 16 18 14 15 10 14 15 16]
 [14 12 10 15 10 20 13 19 18 15 12 11 14 18 20 13 11 17 19 12]
 [10  8 14 19 16  9 11 19 15 10  9 14 15 18 15 14 10  9 14 16]
 [ 8  9  9 13  9 15 13 15 13 20 11 16 12 13 16  8  8 16 13 12]
 [ 9 14  8  8 10 13 14 17 16 12 11 11 20  9 16 16 10 15 17 19]
 [17 13 11  8 18 16 17 14 12 10 17 15 17 17 13 13 11  8 14  9]]

Optimal solution found:
Objective value: 17365.0

Gurobi iterations: 72.0
Gurobi runtime (seconds): 0.018999814987182617
Factory -> CD flows (xik):
xik[0,3] = 123.0
xik[0,7] = 3.0
xik[1,8] = 154.0
xik[2,1] = 111.0
xik[2,9] = 85.0
xik[4,6] = 166.0
xik[5,7] = 162.0
xik[6,4] = 104.0
xik[7,1] = 23.0
xik[7,2] = 131.0

CD -> Client flows (ykj):
ykj[1,9] = 48.0
ykj[1,10] = 47.0
ykj[1,14] = 39.0
ykj[2,6] = 59.0
ykj[2,10] = 12.0
ykj[2,12] = 28.0
ykj[2,18] = 32.0
ykj[3,7] = 39.0
ykj[3,8] = 41.0
ykj[3,12] = 26.0
ykj[3,19] = 17.0
ykj[4,7] = 31.0
ykj[4,11] = 73.0
ykj[6,0] = 17.0
ykj[6,1] = 56.0
ykj[6,5] = 67.0
ykj[6,9] = 26.0
ykj[7,0] = 33.0
ykj[7,4] = 32.0
ykj[7,15] = 37.0
ykj[7,16] = 63.0
ykj[8,2] = 35.0
ykj[8,3] = 66.0
ykj[8,4] = 15.0
ykj[8,13] = 38.0
ykj[9,17] = 38.0
ykj[9,19] = 47.0
